header:
  seq: 415
  stamp:
    secs: 16658
    nsecs: 620000000
  frame_id: "hokuyo_link"
angle_min: -1.5707999467849731
angle_max: 1.5707999467849731
angle_increment: 0.004369401838630438
time_increment: 0.0
scan_time: 0.0
range_min: 0.10000000149011612
range_max: 30.0
ranges: [0.25343450903892517, 0.23832523822784424, 0.26330241560935974, 0.2694774270057678, 0.26810958981513977, 0.28470540046691895, 0.26307472586631775, 0.2945518493652344, 0.27528175711631775, 0.26697027683258057, 0.2834548056125641, 0.263866662979126, 0.25420844554901123, 0.2711082100868225, 0.26828324794769287, 0.27007487416267395, 0.268267422914505, 0.2641911208629608, 0.2849312722682953, 0.2838699519634247, 0.2784796953201294, 0.2880520224571228, 0.3032281696796417, 0.29063573479652405, 0.2843221426010132, 0.27034351229667664, 0.2923057973384857, 0.30038607120513916, 0.27911970019340515, 0.31694909930229187, 0.2905954122543335, 0.29028353095054626, 0.3168416917324066, 0.2856372892856598, 0.30130186676979065, 0.3043379783630371, 0.3161875903606415, 0.3094325661659241, 0.2965855896472931, 0.322721004486084, 0.3428047001361847, 0.3308064341545105, 0.33141666650772095, 0.3189281225204468, 0.3468695878982544, 0.32346442341804504, 0.3425872027873993, 0.3392367362976074, 0.3395659923553467, 0.32493269443511963, 0.33143118023872375, 0.3304426372051239, 0.33893099427223206, 0.3488670885562897, 0.35022783279418945, 0.3530789017677307, 0.3562038540840149, 0.34432491660118103, 0.3759346008300781, 0.3632920980453491, 0.37321314215660095, 0.370205819606781, 0.3473271429538727, 0.37392643094062805, 0.384764164686203, 0.3870203495025635, 0.3813226819038391, 0.38581013679504395, 0.38442718982696533, 0.4139549732208252, 0.390271931886673, 0.3820265829563141, 0.42627546191215515, 0.40626898407936096, 0.40613657236099243, 0.41219013929367065, 0.4137220084667206, 0.4106639325618744, 0.42425602674484253, 0.4128085970878601, 0.4227159917354584, 0.434705913066864, 0.4436531960964203, 0.42345771193504333, 0.45282357931137085, 0.44884398579597473, 0.43846574425697327, 0.472456693649292, 0.4823227524757385, 0.456866055727005, 0.46743059158325195, 0.47439712285995483, 0.47980332374572754, 0.49255111813545227, 0.49416983127593994, 0.499521404504776, 0.5134338140487671, 0.5225248336791992, 0.5109079480171204, 0.5214879512786865, 0.5317155718803406, 0.5235289931297302, 0.543961226940155, 0.5580258965492249, 0.5450661182403564, 0.5708296298980713, 0.5614600777626038, 0.5867301225662231, 0.5744012594223022, 0.5950557589530945, 0.5951364636421204, 0.6191785931587219, 0.60600745677948, 0.6310503482818604, 0.6265953779220581, 0.6367352604866028, 0.6524896025657654, 0.6710038185119629, 0.6657959818840027, 0.676212728023529, 0.7014403939247131, 0.7127750515937805, 0.7211239337921143, 0.7199791073799133, 0.7403580546379089, 0.7608845233917236, 0.7748969197273254, 0.7909582853317261, 0.7895729541778564, 0.8073567748069763, 0.8237058520317078, 0.8323344588279724, 5.5294904708862305, 5.510834693908691, 5.51214599609375, 5.497660160064697, 5.484281539916992, 5.475542068481445, 5.490596771240234, 5.481937885284424, 5.469006061553955, 5.477127552032471, 5.4456963539123535, 5.471442222595215, 5.4609599113464355, 5.437327861785889, 5.465315341949463, 5.467772006988525, 5.446192741394043, 5.456664085388184, 5.4219136238098145, 5.459329605102539, 5.420280933380127, 5.4136505126953125, 5.420700550079346, 5.425999641418457, 5.425668716430664, 5.427506446838379, 5.410547733306885, 5.398030757904053, 5.406869888305664, 5.4171271324157715, 5.4174299240112305, 5.414707183837891, 5.392061233520508, 5.408459663391113, 5.393241882324219, 5.383012294769287, 5.394108772277832, 5.393208026885986, 5.398664474487305, 5.397802352905273, 5.399075984954834, 5.397097110748291, 5.390689373016357, 5.37650203704834, 5.38992166519165, 5.390476703643799, 5.408149242401123, 5.395636081695557, 5.389867305755615, 5.379887580871582, 5.386710166931152, 5.392288684844971, 5.38140344619751, 5.391338348388672, 5.394930362701416, 5.3855414390563965, 5.405304908752441, 5.4069037437438965, 5.392768859863281, 5.3959503173828125, 5.408303737640381, 5.407131671905518, 5.386129379272461, 5.4079365730285645, 5.414000511169434, 5.395760536193848, 5.408337593078613, 5.420915126800537, 5.404362201690674, 5.408833026885986, 5.420360088348389, 5.422367095947266, 5.411367416381836, 5.425789833068848, 5.424114227294922, 5.407983779907227, 5.437444686889648, 5.435462474822998, 5.437650680541992, 5.425135612487793, 5.4267473220825195, 5.457611083984375, 5.436731338500977, 5.43807315826416, 5.461480617523193, 5.4534196853637695, 5.461820125579834, 5.4655280113220215, 5.449263095855713, 5.46903133392334, 5.4833984375, 5.47168493270874, 5.497226715087891, 5.483316898345947, 5.492158889770508, 5.485949516296387, 5.504657745361328, 5.5011091232299805, 5.517690658569336, 5.5172624588012695, 5.5253753662109375, 5.547275543212891, 5.51386022567749, 5.530981540679932, 5.54994535446167, 5.560577392578125, 5.551187038421631, 5.551525592803955, 5.572880744934082, 5.604578971862793, 5.592484474182129, 5.590386867523193, 5.59709358215332, 5.60125207901001, 5.599438190460205, 5.632358074188232, 5.6182708740234375, 5.628237247467041, 5.652833938598633, 5.6316070556640625, 5.658341884613037, 5.651060104370117, 5.674108982086182, 5.6866960525512695, 5.670097351074219, 5.691134452819824, 5.714776039123535, 5.736007213592529, 5.720715045928955, 5.746922492980957, 5.729882717132568, 5.742288112640381, 5.777035236358643, 5.761918544769287, 5.771716594696045, 5.794755458831787, 5.79921293258667, 5.808557510375977, 5.81233024597168, 5.832995414733887, 5.830103874206543, 5.866973400115967, 5.878625869750977, 5.876576900482178, 5.897156238555908, 5.904223442077637, 5.907791614532471, 5.915645122528076, 5.947585105895996, 5.94108772277832, 5.95347785949707, 5.983438968658447, 5.993226528167725, 5.9801154136657715, 6.000912666320801, 6.021535873413086, 6.038300037384033, 6.043381214141846, 6.054963111877441, 6.093320846557617, 6.104360103607178, 6.105440139770508, 6.1027045249938965, 6.133307933807373, 6.148123264312744, 6.167140960693359, 6.189158916473389, 6.1978373527526855, 6.201220989227295, 6.220363140106201, 6.234097003936768, 6.259716033935547, 6.260235786437988, 6.285334587097168, 6.292335510253906, 6.328076362609863, 6.3362040519714355, 6.343783378601074, 6.3499884605407715, 6.390569686889648, 6.4291462898254395, 6.429366111755371, 6.440893650054932, 6.460572719573975, 6.476224422454834, 6.499053478240967, 6.516302585601807, 6.530553340911865, 6.581120491027832, 6.593103408813477, 6.577266216278076, 6.6318817138671875, 6.658046245574951, 6.65932559967041, 6.68007230758667, 6.708085060119629, 6.71853494644165, 6.743865489959717, 6.735989093780518, 6.8048481941223145, 6.8184919357299805, 6.834183692932129, 6.858960151672363, 6.897269248962402, 6.928965091705322, 6.928861141204834, 6.956259727478027, 6.977485179901123, 7.023374557495117, 7.036625385284424, 7.0592803955078125, 7.089593887329102, 7.136910438537598, 7.156853675842285, 7.188842296600342, 7.182555198669434, 7.230309963226318, 7.261316299438477, 7.2841901779174805, 7.305854320526123, 7.3417744636535645, 7.383210182189941, 7.407717704772949, 7.436695098876953, 7.470191478729248, 7.489604473114014, 7.536080837249756, 7.543575286865234, 7.585323333740234, 7.6278815269470215, 7.658809661865234, 7.700141429901123, 7.724623203277588, 7.7704386711120605, 7.811680793762207, 7.837533950805664, 7.864725112915039, 7.904056549072266, 7.942803382873535, 7.982269287109375, 8.013208389282227, 8.03632926940918, 8.098383903503418, 8.141526222229004, 8.19581127166748, 8.21994400024414, 8.257125854492188, 8.308859825134277, 8.365377426147461, 8.380878448486328, 8.4259672164917, 8.477389335632324, 8.5343599319458, 8.56954574584961, 8.61970043182373, 8.670248985290527, 8.711791038513184, 8.758089065551758, 8.811625480651855, 8.869412422180176, 8.904617309570312, 8.953462600708008, 9.002694129943848, 9.072439193725586, 9.121278762817383, 9.157330513000488, 9.23879337310791, 9.281041145324707, 9.333593368530273, 9.401077270507812, 9.451995849609375, 9.540403366088867, 9.578392028808594, 9.641579627990723, 9.718472480773926, 9.758922576904297, 9.839346885681152, 9.882412910461426, 9.968530654907227, 10.05399227142334, 10.102336883544922, 10.177671432495117, 10.251433372497559, 10.310737609863281, 10.40561580657959, 10.470073699951172, 10.546082496643066, 10.623231887817383, 10.72043228149414, 10.780485153198242, 10.870211601257324, 10.943958282470703, 11.037519454956055, 11.137782096862793, 11.220315933227539, 11.301643371582031, 11.394108772277832, 11.494586944580078, 11.585819244384766, 11.680143356323242, 11.779422760009766, 11.879494667053223, 12.010592460632324, 12.073810577392578, 12.188315391540527, 12.30579662322998, 12.416717529296875, 12.542144775390625, 12.659916877746582, 12.774092674255371, 12.899674415588379, 6.896734237670898, 6.892195224761963, 6.8645830154418945, 6.862339973449707, 6.854212760925293, 6.822951316833496, 6.826106548309326, 6.81337308883667, 6.789272308349609, 6.770425319671631, 6.776025295257568, 6.768133163452148, 6.748879909515381, 6.7326202392578125, 6.725235939025879, 6.692850112915039, 6.703459739685059, 6.699583053588867, 6.680644512176514, 6.672784805297852, 6.640498161315918, 6.652482032775879, 6.622660160064697, 6.628736972808838, 6.6165385246276855, 6.634975433349609, 6.706151008605957, 6.821242332458496, 6.895240783691406, 6.980910301208496, 7.097301006317139, 7.195458889007568, 7.300294399261475, 7.414880752563477, 7.518313407897949, 7.649370193481445, 7.779976844787598, 7.890885829925537, 8.018404006958008, 8.157674789428711, 8.280197143554688, 8.365836143493652, 8.357065200805664, 8.364948272705078, 8.362381935119629, 8.341073036193848, 8.333516120910645, 8.33548641204834, 8.32859992980957, 8.307487487792969, 8.308683395385742, 8.293001174926758, 8.279058456420898, 8.275121688842773, 8.268244743347168, 8.275129318237305, 8.267231941223145, 8.247454643249512, 8.23880386352539, 8.245906829833984, 8.252549171447754, 8.230220794677734, 8.23183822631836, 8.221078872680664, 8.221982955932617, 8.203570365905762, 8.201492309570312, 8.214909553527832, 8.191507339477539, 8.186493873596191, 8.170248985290527, 8.198988914489746, 8.172884941101074, 8.158585548400879, 8.160524368286133, 8.17531967163086, 8.164105415344238, 8.165947914123535, 8.170827865600586, 8.139601707458496, 8.143868446350098, 8.144989013671875, 8.12238597869873, 8.163182258605957, 8.127714157104492, 8.140459060668945, 8.148242950439453, 8.132266998291016, 8.13663387298584, 8.14138412475586, 8.151187896728516, 8.133976936340332, 8.12641716003418, 8.119807243347168, 8.133224487304688, 8.134902000427246, 8.123710632324219, 8.121575355529785, 8.129508972167969, 8.148721694946289, 8.107216835021973, 8.132621765136719, 8.116786003112793, 8.116323471069336, 8.13614559173584, 8.121679306030273, 8.13369083404541, 8.135936737060547, 8.148118019104004, 8.142160415649414, 8.127150535583496, 8.117630004882812, 8.142536163330078, 8.15136432647705, 8.155391693115234, 8.157174110412598, 8.154096603393555, 8.157571792602539, 8.170659065246582, 8.165682792663574, 8.17414379119873, 8.172934532165527, 8.162433624267578, 8.193078994750977, 8.175450325012207, 8.192448616027832, 8.19846248626709, 8.199502944946289, 8.192051887512207, 8.195523262023926, 8.212411880493164, 8.208413124084473, 8.227811813354492, 8.226053237915039, 8.229125022888184, 8.213080406188965, 8.262248992919922, 8.246914863586426, 8.263998031616211, 8.264892578125, 8.264793395996094, 8.264179229736328, 8.278111457824707, 8.28858470916748, 8.300923347473145, 8.29891586303711, 8.318504333496094, 8.326508522033691, 8.32252025604248, 8.3136568069458, 8.336981773376465, 8.35412311553955, 8.348687171936035, 8.37159252166748, 8.374754905700684, 8.389154434204102, 8.408007621765137, 8.405699729919434, 8.419411659240723, 8.419170379638672, 8.436538696289062, 8.467056274414062, 8.461360931396484, 8.415027618408203, 8.292943000793457, 8.174543380737305, 3.1075599193573, 3.054713487625122, 3.026237964630127, 2.97462797164917, 2.9370834827423096, 2.8975577354431152, 2.860471725463867, 2.823268175125122, 2.787942886352539, 2.74330472946167, 2.721240997314453, 2.6778969764709473, 2.643442153930664, 2.5892934799194336, 2.5790398120880127, 2.5562939643859863, 2.5339629650115967, 2.4939186573028564, 2.4738292694091797, 2.4511771202087402, 2.4311676025390625, 2.3903563022613525, 2.358191728591919, 2.3390822410583496, 2.3375492095947266, 2.2954561710357666, 2.3159666061401367, 2.298086404800415, 2.2958950996398926, 2.2960128784179688, 2.30926251411438, 2.3180055618286133, 2.327686071395874, 2.3156888484954834, 2.339198589324951, 2.3344836235046387, 2.350252389907837, 2.3258776664733887, 2.34120512008667, 2.3476650714874268, 2.3603219985961914, 2.3570446968078613, 2.3701586723327637, 2.362475633621216, 2.3683412075042725, 2.371843099594116, 2.392982006072998, 2.3770434856414795, 2.3964731693267822, 2.399939775466919, 2.414686918258667, 2.4229419231414795, 2.4338796138763428, 2.4222536087036133, 2.4277830123901367, 2.440204381942749, 2.449228525161743, 2.4430482387542725, 2.4619884490966797, 2.475778341293335, 2.4870800971984863, 2.4597480297088623, 2.4779319763183594, 2.4960639476776123, 2.504878282546997, 2.5163214206695557, 2.519432544708252, 2.539802074432373, 2.5460424423217773, 2.5326592922210693, 2.5477378368377686, 2.5387563705444336, 2.56429123878479, 2.5765275955200195, 2.564629316329956, 2.570047616958618, 2.5966691970825195, 2.6040244102478027, 2.6195285320281982, 2.622403383255005, 2.632962226867676, 2.6325416564941406, 2.643660068511963, 2.657198190689087, 2.665818691253662, 2.6849730014801025, 2.6697967052459717, 2.681741237640381, 2.7005674839019775, 2.7182393074035645, 2.7274415493011475, 2.7433559894561768, 2.7457337379455566, 2.7591209411621094, 2.7584691047668457, 2.7746706008911133, 2.7686803340911865, 2.788231134414673, 2.820876359939575, 2.80826735496521, 2.8290300369262695, 2.8386991024017334, 2.857706069946289, 2.8769490718841553, 2.8600637912750244, 2.863152503967285, 2.905611515045166, 2.9068307876586914, 2.922382116317749, 2.920626640319824, 2.9364423751831055]
intensities: [0.0, 0.0, 0.0, 0.0, 0.0, 0.0, 0.0, 0.0, 0.0, 0.0, 0.0, 0.0, 0.0, 0.0, 0.0, 0.0, 0.0, 0.0, 0.0, 0.0, 0.0, 0.0, 0.0, 0.0, 0.0, 0.0, 0.0, 0.0, 0.0, 0.0, 0.0, 0.0, 0.0, 0.0, 0.0, 0.0, 0.0, 0.0, 0.0, 0.0, 0.0, 0.0, 0.0, 0.0, 0.0, 0.0, 0.0, 0.0, 0.0, 0.0, 0.0, 0.0, 0.0, 0.0, 0.0, 0.0, 0.0, 0.0, 0.0, 0.0, 0.0, 0.0, 0.0, 0.0, 0.0, 0.0, 0.0, 0.0, 0.0, 0.0, 0.0, 0.0, 0.0, 0.0, 0.0, 0.0, 0.0, 0.0, 0.0, 0.0, 0.0, 0.0, 0.0, 0.0, 0.0, 0.0, 0.0, 0.0, 0.0, 0.0, 0.0, 0.0, 0.0, 0.0, 0.0, 0.0, 0.0, 0.0, 0.0, 0.0, 0.0, 0.0, 0.0, 0.0, 0.0, 0.0, 0.0, 0.0, 0.0, 0.0, 0.0, 0.0, 0.0, 0.0, 0.0, 0.0, 0.0, 0.0, 0.0, 0.0, 0.0, 0.0, 0.0, 0.0, 0.0, 0.0, 0.0, 0.0, 0.0, 0.0, 0.0, 0.0, 0.0, 0.0, 0.0, 0.0, 0.0, 0.0, 0.0, 0.0, 0.0, 0.0, 0.0, 0.0, 0.0, 0.0, 0.0, 0.0, 0.0, 0.0, 0.0, 0.0, 0.0, 0.0, 0.0, 0.0, 0.0, 0.0, 0.0, 0.0, 0.0, 0.0, 0.0, 0.0, 0.0, 0.0, 0.0, 0.0, 0.0, 0.0, 0.0, 0.0, 0.0, 0.0, 0.0, 0.0, 0.0, 0.0, 0.0, 0.0, 0.0, 0.0, 0.0, 0.0, 0.0, 0.0, 0.0, 0.0, 0.0, 0.0, 0.0, 0.0, 0.0, 0.0, 0.0, 0.0, 0.0, 0.0, 0.0, 0.0, 0.0, 0.0, 0.0, 0.0, 0.0, 0.0, 0.0, 0.0, 0.0, 0.0, 0.0, 0.0, 0.0, 0.0, 0.0, 0.0, 0.0, 0.0, 0.0, 0.0, 0.0, 0.0, 0.0, 0.0, 0.0, 0.0, 0.0, 0.0, 0.0, 0.0, 0.0, 0.0, 0.0, 0.0, 0.0, 0.0, 0.0, 0.0, 0.0, 0.0, 0.0, 0.0, 0.0, 0.0, 0.0, 0.0, 0.0, 0.0, 0.0, 0.0, 0.0, 0.0, 0.0, 0.0, 0.0, 0.0, 0.0, 0.0, 0.0, 0.0, 0.0, 0.0, 0.0, 0.0, 0.0, 0.0, 0.0, 0.0, 0.0, 0.0, 0.0, 0.0, 0.0, 0.0, 0.0, 0.0, 0.0, 0.0, 0.0, 0.0, 0.0, 0.0, 0.0, 0.0, 0.0, 0.0, 0.0, 0.0, 0.0, 0.0, 0.0, 0.0, 0.0, 0.0, 0.0, 0.0, 0.0, 0.0, 0.0, 0.0, 0.0, 0.0, 0.0, 0.0, 0.0, 0.0, 0.0, 0.0, 0.0, 0.0, 0.0, 0.0, 0.0, 0.0, 0.0, 0.0, 0.0, 0.0, 0.0, 0.0, 0.0, 0.0, 0.0, 0.0, 0.0, 0.0, 0.0, 0.0, 0.0, 0.0, 0.0, 0.0, 0.0, 0.0, 0.0, 0.0, 0.0, 0.0, 0.0, 0.0, 0.0, 0.0, 0.0, 0.0, 0.0, 0.0, 0.0, 0.0, 0.0, 0.0, 0.0, 0.0, 0.0, 0.0, 0.0, 0.0, 0.0, 0.0, 0.0, 0.0, 0.0, 0.0, 0.0, 0.0, 0.0, 0.0, 0.0, 0.0, 0.0, 0.0, 0.0, 0.0, 0.0, 0.0, 0.0, 0.0, 0.0, 0.0, 0.0, 0.0, 0.0, 0.0, 0.0, 0.0, 0.0, 0.0, 0.0, 0.0, 0.0, 0.0, 0.0, 0.0, 0.0, 0.0, 0.0, 0.0, 0.0, 0.0, 0.0, 0.0, 0.0, 0.0, 0.0, 0.0, 0.0, 0.0, 0.0, 0.0, 0.0, 0.0, 0.0, 0.0, 0.0, 0.0, 0.0, 0.0, 0.0, 0.0, 0.0, 0.0, 0.0, 0.0, 0.0, 0.0, 0.0, 0.0, 0.0, 0.0, 0.0, 0.0, 0.0, 0.0, 0.0, 0.0, 0.0, 0.0, 0.0, 0.0, 0.0, 0.0, 0.0, 0.0, 0.0, 0.0, 0.0, 0.0, 0.0, 0.0, 0.0, 0.0, 0.0, 0.0, 0.0, 0.0, 0.0, 0.0, 0.0, 0.0, 0.0, 0.0, 0.0, 0.0, 0.0, 0.0, 0.0, 0.0, 0.0, 0.0, 0.0, 0.0, 0.0, 0.0, 0.0, 0.0, 0.0, 0.0, 0.0, 0.0, 0.0, 0.0, 0.0, 0.0, 0.0, 0.0, 0.0, 0.0, 0.0, 0.0, 0.0, 0.0, 0.0, 0.0, 0.0, 0.0, 0.0, 0.0, 0.0, 0.0, 0.0, 0.0, 0.0, 0.0, 0.0, 0.0, 0.0, 0.0, 0.0, 0.0, 0.0, 0.0, 0.0, 0.0, 0.0, 0.0, 0.0, 0.0, 0.0, 0.0, 0.0, 0.0, 0.0, 0.0, 0.0, 0.0, 0.0, 0.0, 0.0, 0.0, 0.0, 0.0, 0.0, 0.0, 0.0, 0.0, 0.0, 0.0, 0.0, 0.0, 0.0, 0.0, 0.0, 0.0, 0.0, 0.0, 0.0, 0.0, 0.0, 0.0, 0.0, 0.0, 0.0, 0.0, 0.0, 0.0, 0.0, 0.0, 0.0, 0.0, 0.0, 0.0, 0.0, 0.0, 0.0, 0.0, 0.0, 0.0, 0.0, 0.0, 0.0, 0.0, 0.0, 0.0, 0.0, 0.0, 0.0, 0.0, 0.0, 0.0, 0.0, 0.0, 0.0, 0.0, 0.0, 0.0, 0.0, 0.0, 0.0, 0.0, 0.0, 0.0, 0.0, 0.0, 0.0, 0.0, 0.0, 0.0, 0.0, 0.0, 0.0, 0.0, 0.0, 0.0, 0.0, 0.0, 0.0, 0.0, 0.0, 0.0, 0.0, 0.0, 0.0, 0.0, 0.0, 0.0, 0.0, 0.0, 0.0, 0.0, 0.0, 0.0, 0.0, 0.0, 0.0, 0.0, 0.0, 0.0, 0.0, 0.0, 0.0, 0.0, 0.0, 0.0, 0.0, 0.0, 0.0, 0.0, 0.0, 0.0, 0.0, 0.0, 0.0, 0.0, 0.0, 0.0, 0.0, 0.0, 0.0, 0.0, 0.0, 0.0, 0.0, 0.0, 0.0, 0.0, 0.0, 0.0, 0.0, 0.0, 0.0, 0.0, 0.0, 0.0, 0.0, 0.0, 0.0, 0.0, 0.0, 0.0, 0.0, 0.0, 0.0, 0.0, 0.0, 0.0, 0.0, 0.0, 0.0, 0.0, 0.0, 0.0, 0.0, 0.0, 0.0, 0.0, 0.0, 0.0, 0.0, 0.0, 0.0, 0.0, 0.0, 0.0, 0.0, 0.0, 0.0, 0.0, 0.0, 0.0, 0.0, 0.0, 0.0, 0.0, 0.0, 0.0, 0.0, 0.0, 0.0, 0.0, 0.0, 0.0, 0.0, 0.0, 0.0, 0.0, 0.0, 0.0, 0.0, 0.0, 0.0, 0.0]
